.Random.seed <-
c(403L, 10L, -17975168L, -904558909L, 13119585L, -2056085296L, 
1738136110L, 978856921L, -806439957L, 563106394L, -1761950692L, 
-320241377L, 383627637L, -267882484L, 762804706L, 612475581L, 
-1537811145L, -632847906L, -535705832L, -836891013L, 232234009L, 
546909352L, 2075182678L, 638460625L, 278647427L, -1436645102L, 
638430372L, -339075993L, -315796035L, -947288268L, 987722906L, 
-820561179L, 1811735679L, -1855947258L, 801958288L, 26031155L, 
-955442223L, 840749440L, 2423902L, -385909847L, -1698889125L, 
-398485910L, -279938292L, 529935695L, 2039248389L, 85163196L, 
117325202L, -203409779L, 1267322055L, 760097198L, 221795336L, 
-397801461L, -115368727L, -1409320008L, -2024070042L, 1352631553L, 
-1531264109L, 604521538L, 53943284L, 944739831L, -1233245715L, 
539404932L, -61813590L, -1652434411L, 2005911215L, -87808842L, 
767849184L, 965840419L, -95563455L, -1559581648L, 2097387086L, 
1160012473L, 2064914123L, 1991143290L, -471476612L, 1921209023L, 
1706357653L, -1393757268L, -1419413118L, -2097512611L, -227143081L, 
-1499162306L, 1377925496L, 1638666843L, -1262471751L, 1505380360L, 
1181579958L, 1371517425L, -1056626653L, 2119821426L, -75466044L, 
-1679553401L, -1042562979L, -43514284L, 1206740090L, 5623749L, 
-548794081L, 653443238L, -731422160L, 1488738515L, -2040326415L, 
560444960L, 1398186174L, 1907696841L, 1767493243L, -247628726L, 
1784923308L, -1608506449L, 1135937381L, 1902091548L, 118531442L, 
1611099629L, 858661415L, 1076490830L, 145045160L, -1998009173L, 
257666505L, 1074012632L, 810981510L, 103515489L, 679770355L, 
1660970850L, -1314508332L, 1107596503L, 301438669L, 1704566372L, 
1259166794L, 1459501493L, -683244273L, 1226764822L, -1795625792L, 
25094787L, -1388472671L, 1075714192L, -1804733586L, 1645821209L, 
-1228886613L, -1551668326L, -1019067556L, 1871020639L, -742979019L, 
-605867572L, -695760606L, 290999165L, 301131895L, 1202732446L, 
-1001425832L, 1013805499L, 176523097L, 758408424L, 595660054L, 
1019096721L, -1115692221L, 707059282L, -6917916L, 1863992103L, 
-56371331L, 1415199348L, -1375992742L, 243956901L, 332834495L, 
-1307951802L, 1672463312L, -622014989L, 2065975569L, -1882360512L, 
1016083742L, -2014522903L, 541205275L, 571125034L, 485533260L, 
1398161935L, 31798597L, 465901308L, 1934880082L, 611828429L, 
-532669817L, 592805230L, 212481864L, 1020334923L, -784155991L, 
-1736781832L, -2028265690L, -420749247L, 450974163L, 2116664194L, 
996872116L, 840763191L, -523968979L, 1801326404L, -1208349590L, 
88307413L, -396435345L, 4546934L, 440232608L, -2083629213L, 9468929L, 
-1544050832L, -68751602L, -1171781255L, 1512062219L, -1434270150L, 
528489788L, 910430847L, 410294741L, -599762964L, 1364257090L, 
333018781L, 256140055L, -2045005186L, -1776238024L, 538613019L, 
1867342457L, -1559585080L, 1311594230L, 1925513009L, -1096485021L, 
-1146852046L, 1303088772L, -1036162361L, 1214089629L, 1951866132L, 
-339512390L, -1989798395L, 547870687L, -2030490010L, 1230371312L, 
-235940077L, -537716559L, -651992708L, 682585296L, 2012456994L, 
1171080360L, 1549472140L, -1448685124L, -598639566L, -1499949248L, 
-723250508L, 799104328L, 1635772090L, 172233488L, 2111142124L, 
-245392300L, -546702574L, 266952096L, -512002100L, 1764287328L, 
766446786L, -917274072L, 1055681964L, -722601156L, 1503043442L, 
1239129904L, 1575662628L, 1041216056L, -463264038L, 1033147280L, 
754256124L, 849559956L, 1724486466L, 1249073664L, 78795836L, 
-1722934704L, -489212766L, -125323448L, 1165876748L, 8875740L, 
-1342844846L, 20217984L, -1480447148L, -1660398616L, 2000388858L, 
-1985679536L, 82997292L, 996303220L, 177685138L, -180235680L, 
1904268428L, 1334519136L, -1690933022L, 1139814568L, -1582921012L, 
-1069894148L, -349626446L, -357234704L, 776660420L, -1329866408L, 
-895060614L, -341650000L, -1385416260L, 533793364L, 885272002L, 
1239522080L, 1927351228L, -249633712L, -253980702L, 1289229160L, 
871122764L, -1467634948L, 1148975858L, -931213056L, -1937607564L, 
-256587256L, 180214202L, 2119068112L, -1921741844L, 65959828L, 
-1910956846L, 681330784L, 2048020812L, -1970178272L, -1302734206L, 
-1994954264L, 894989292L, -1258615236L, -1245992334L, -1943261328L, 
-773013212L, 948989496L, -19391078L, 574752208L, 665690556L, 
-1158540652L, -1227659646L, -1385254464L, -456626372L, -313006448L, 
-833735902L, -997652984L, 1617196812L, -2065606756L, 1452855314L, 
313287552L, 1080626964L, 2073946408L, 525660218L, -105461808L, 
869157484L, -288891852L, 118654098L, -694358688L, 610505036L, 
1218410976L, 1825517474L, -738570328L, 536355980L, -1784667204L, 
1100822642L, -2012683280L, -1330028476L, -1782283176L, 921395258L, 
-48078736L, 225227324L, -871662828L, -580084030L, -218566944L, 
-788556676L, -1951440688L, -1975250014L, -737869272L, -157039348L, 
-1252586564L, -16202446L, 1374641344L, -492466636L, -1879509304L, 
-1858513222L, 1638523024L, -367473940L, -308790700L, 610385554L, 
-403457248L, -317617204L, -691737376L, 1046489794L, -2023018456L, 
462932908L, -55047492L, -1638926862L, -965327312L, -1986539612L, 
-481389128L, -825458854L, -95934320L, -1322226820L, -1208147180L, 
1725919554L, 1003766528L, 280330172L, 125969232L, 744895778L, 
1786433096L, 419289100L, 1892065372L, 1465117138L, -1336505856L, 
1788477780L, -291310360L, 834628858L, -362137904L, 304946476L, 
-937064204L, -1287715438L, -1977009824L, 1044518924L, -1740509472L, 
-853816734L, 1851186856L, -117295540L, 357161852L, 1164858674L, 
-360292752L, 954927940L, -106851368L, -461164678L, -1268641232L, 
-447329348L, -1489329580L, -1474671550L, -2036008800L, 1474933436L, 
1614847440L, 1824814946L, 1975202536L, -279243572L, 1586351612L, 
1024031218L, 1242535552L, 1669285364L, -947330424L, 1155888954L, 
2108006224L, 1291394156L, -1653903980L, 1750047826L, 1086712288L, 
-2106657588L, -881704800L, 1324788098L, 582695144L, 122467052L, 
-874597060L, -563676046L, 1135567984L, 397257764L, 1383989304L, 
766270234L, -1853694768L, -957478084L, 1700853652L, 658591618L, 
1043342784L, 1400123964L, 1490217360L, -1098307038L, 1976903444L, 
247795362L, -497449033L, 2052559745L, -1505246842L, -390646844L, 
588496629L, -988181665L, 1427944888L, 787287190L, -2074836317L, 
1157751909L, -456076926L, -1088255248L, 1284783769L, 1026679435L, 
1073906556L, 515118506L, -861643297L, -435770519L, -999322754L, 
-185736340L, -1191073859L, 258135175L, -770512784L, 963883790L, 
1996038203L, 1349455645L, -2147402294L, 558814952L, -491865647L, 
1576250307L, -839818044L, -1152304270L, 862045767L, -1821034991L, 
-546736234L, 76098292L, 200801413L, 105341391L, 88208584L, -1348840090L, 
-1042200685L, -123868939L, -1974910766L, 1661120288L, -305361143L, 
-1774348229L, -1407103604L, 872236058L, 218601615L, 438595545L, 
804524142L, -1310501892L, 1342865773L, -1856021737L, -922137888L, 
-495437634L, 1217681035L, -1322423027L, 1045496122L, 1928671608L, 
-1778646239L, 1557517267L, -1066632460L, -1751723134L, 1416126999L, 
291786977L, -2007106010L, -1780099292L, -671877163L, -121049217L, 
336706072L, -585901770L, -1917327421L, 1237272069L, 790242722L, 
487270800L, 1449644345L, 99493355L, -1029298468L, -1425321206L, 
1262386687L, -1109605303L, -1596131874L, -721123956L, 333042013L, 
-1929565849L, 1110211216L, 1856074926L, 2039563611L, 1508698429L, 
-1532111958L, -1220303800L, 464473201L, -1441887773L, 2127127780L, 
-989446126L, 1109292007L, -938665039L, -529795594L, -560605164L, 
-1514621147L, 2134396975L, -1600259608L, 1059757766L, -911450253L, 
-1379092523L, -419033166L, -1439622784L, -1723842199L, -1508129317L, 
-1620886228L, 237717306L, -240715281L, -1992467335L, -1479676146L, 
-1384305956L, -749737651L, -21912393L, 737312320L, -1154797794L, 
-1022925333L, -129541779L, -76138534L, -1618382440L, 1079222273L, 
-1305980493L, 1237600468L, -1182265886L, 67328119L, -506262079L, 
1686759238L, -1948159356L, 1400806453L, 599170079L, 438631288L, 
-803749290L, 1692847843L, 1548298405L, 208697666L, -1910948048L, 
-40735911L, -1787445045L, 1912475964L, -1212916374L, -693848161L, 
-348544471L, -2095674178L, -2006559316L, 2024975101L, -493263289L, 
